    x (m)  Saturacao
         0          1
39.37007874 1.138809111
78.74015748 0.9993779933
118.1102362 1.085309862
157.480315 1.051803778
196.8503937 1.065948017
236.2204724 1.061371918
275.5905512 1.062747017
314.9606299 1.062377838
354.3307087 1.062470253
393.7007874 1.062448543
433.0708661 1.062453387
472.4409449 1.062452353
511.8110236 1.062452566
551.1811024 1.062452523
590.5511811 1.062452532
629.9212598 1.06245253
669.2913386 1.06245253
708.6614173 1.06245253
748.0314961 1.06245253
787.4015748 1.06245253
826.7716535 1.06245253
866.1417323 1.06245253
905.511811 1.06245253
944.8818898 1.06245253
984.2519685 1.06245253
1023.622047 1.06245253
1062.992126 1.06245253
1102.362205 1.06245253
1141.732283 1.06245253
1181.102362 1.06245253
1220.472441 1.06245253
1259.84252 1.06245253
1299.212598 1.06245253
1338.582677 1.06245253
1377.952756 1.06245253
1417.322835 1.06245253
1456.692913 1.06245253
1496.062992 1.06245253
1535.433071 1.06245253
1574.80315 1.06245253
1614.173228 1.06245253
1653.543307 1.06245253
1692.913386 1.06245253
1732.283465 1.06245253
1771.653543 1.06245253
1811.023622 1.06245253
1850.393701 1.06245253
1889.76378 1.06245253
1929.133858 1.06245253
1968.503937 1.06245253
2007.874016 1.06245253
2047.244094 1.06245253
2086.614173 1.06245253
2125.984252 1.06245253
2165.354331 1.06245253
2204.724409 1.06245253
2244.094488 1.06245253
2283.464567 1.06245253
2322.834646 1.06245253
2362.204724 1.06245253
2401.574803 1.06245253
2440.944882 1.06245253
2480.314961 1.06245253
2519.685039 1.06245253
2559.055118 1.06245253
2598.425197 1.06245253
2637.795276 1.06245253
2677.165354 1.06245253
2716.535433 1.06245253
2755.905512 1.06245253
2795.275591 1.06245253
2834.645669 1.06245253
2874.015748 1.06245253
2913.385827 1.06245253
2952.755906 1.06245253
2992.125984 1.06245253
3031.496063 1.06245253
3070.866142 1.06245253
3110.23622 1.06245253
3149.606299 1.06245253
3188.976378 1.06245253
3228.346457 1.06245253
3267.716535 1.06245253
3307.086614 1.06245253
3346.456693 1.06245253
3385.826772 1.06245253
3425.19685 1.06245253
3464.566929 1.06245253
3503.937008 1.06245253
3543.307087 1.06245253
3582.677165 1.06245253
3622.047244 1.06245253
3661.417323 1.06245253
3700.787402 1.06245253
3740.15748 1.06245253
3779.527559 1.06245253
3818.897638 1.06245253
3858.267717 1.06245253
3897.637795 1.06245253
3937.007874 1.06245253
3976.377953 1.06245253
4015.748031 1.06245253
4055.11811 1.06245253
4094.488189 1.06245253
4133.858268 1.06245253
4173.228346 1.06245253
4212.598425 1.06245253
4251.968504 1.06245253
4291.338583 1.06245253
4330.708661 1.06245253
4370.07874 1.06245253
4409.448819 1.06245253
4448.818898 1.06245253
4488.188976 1.06245253
4527.559055 1.06245253
4566.929134 1.06245253
4606.299213 1.06245253
4645.669291 1.06245253
4685.03937 1.06245253
4724.409449 1.06245253
4763.779528 1.06245253
4803.149606 1.06245253
4842.519685 1.06245253
4881.889764 1.06245253
4921.259843 1.06245253
4960.629921 1.06245253
      5000        0.2
