Pos Exato Numerico
0.00000000 0.00000002 0.00000393
0.00502513 0.00000003 0.00000591
0.01005025 0.00000005 0.00000881
0.01507538 0.00000009 0.00001305
0.02010050 0.00000015 0.00001920
0.02512563 0.00000027 0.00002806
0.03015075 0.00000047 0.00004074
0.03517588 0.00000079 0.00005874
0.04020101 0.00000134 0.00008413
0.04522613 0.00000225 0.00011969
0.05025126 0.00000373 0.00016913
0.05527638 0.00000611 0.00023739
0.06030151 0.00000993 0.00033094
0.06532663 0.00001597 0.00045825
0.07035176 0.00002542 0.00063024
0.07537688 0.00004007 0.00086093
0.08040201 0.00006252 0.00116810
0.08542714 0.00009659 0.00157411
0.09045226 0.00014775 0.00210686
0.09547739 0.00022375 0.00280076
0.10050251 0.00033546 0.00369789
0.10552764 0.00049796 0.00484914
0.11055276 0.00073180 0.00631547
0.11557789 0.00106477 0.00816910
0.12060302 0.00153381 0.01049462
0.12562814 0.00218749 0.01338998
0.13065327 0.00308872 0.01696720
0.13567839 0.00431784 0.02135278
0.14070352 0.00597602 0.02668758
0.14572864 0.00818870 0.03312616
0.15075377 0.01110900 0.04083540
0.15577889 0.01492079 0.04999228
0.16080402 0.01984109 0.06078075
0.16582915 0.02612141 0.07338760
0.17085427 0.03404745 0.08799732
0.17587940 0.04393693 0.10478590
0.18090452 0.05613476 0.12391373
0.18592965 0.07100535 0.14551767
0.19095477 0.08892162 0.16970247
0.19597990 0.11025053 0.19653201
0.20100503 0.13533528 0.22602036
0.20603015 0.16447446 0.25812342
0.21105528 0.19789870 0.29273138
0.21608040 0.23574608 0.32966254
0.22110553 0.27803730 0.36865896
0.22613065 0.32465247 0.40938436
0.23115578 0.37531110 0.45142472
0.23618090 0.42955736 0.49429186
0.24120603 0.48675226 0.53743004
0.24623116 0.54607443 0.58022594
0.25125628 0.60653066 0.62202149
0.25628141 0.66697681 0.66212959
0.26130653 0.72614904 0.69985210
0.26633166 0.78270454 0.73449949
0.27135678 0.83527021 0.76541146
0.27638191 0.88249690 0.79197763
0.28140704 0.92311635 0.81365748
0.28643216 0.95599748 0.82999851
0.29145729 0.98019867 0.84065195
0.29648241 0.99501248 0.84538504
0.30150754 1.00000000 0.84408955
0.30653266 0.99501248 0.83678581
0.31155779 0.98019867 0.82362228
0.31658291 0.95599748 0.80487054
0.32160804 0.92311635 0.78091595
0.32663317 0.88249690 0.75224449
0.33165829 0.83527021 0.71942632
0.33668342 0.78270454 0.68309694
0.34170854 0.72614904 0.64393669
0.34673367 0.66697681 0.60264966
0.35175879 0.60653066 0.55994280
0.35678392 0.54607443 0.51650613
0.36180905 0.48675226 0.47299487
0.36683417 0.42955736 0.43001398
0.37185930 0.37531110 0.38810564
0.37688442 0.32465247 0.34773995
0.38190955 0.27803730 0.30930897
0.38693467 0.23574608 0.27312392
0.39195980 0.19789870 0.23941550
0.39698492 0.16447446 0.20833684
0.40201005 0.13533528 0.17996877
0.40703518 0.11025053 0.15432685
0.41206030 0.08892162 0.13136967
0.41708543 0.07100535 0.11100791
0.42211055 0.05613476 0.09311381
0.42713568 0.04393693 0.07753037
0.43216080 0.03404745 0.06408021
0.43718593 0.02612141 0.05257366
0.44221106 0.01984109 0.04281591
0.44723618 0.01492079 0.03461319
0.45226131 0.01110900 0.02777788
0.45728643 0.00818870 0.02213259
0.46231156 0.00597602 0.01751346
0.46733668 0.00431784 0.01377267
0.47236181 0.00308872 0.01078055
0.47738693 0.00218749 0.00842762
0.48241206 0.00153381 0.00662668
0.48743719 0.00106477 0.00531562
0.49246231 0.00073180 0.00446112
0.49748744 0.00049796 0.00406360
0.50251256 0.00033546 0.00416374
0.50753769 0.00022375 0.00485049
0.51256281 0.00014775 0.00627030
0.51758794 0.00009659 0.00863694
0.52261307 0.00006252 0.01224055
0.52763819 0.00004007 0.01745433
0.53266332 0.00002542 0.02473643
0.53768844 0.00001597 0.03462453
0.54271357 0.00000993 0.04772066
0.54773869 0.00000611 0.06466401
0.55276382 0.00000373 0.08609095
0.55778894 0.00000225 0.11258298
0.56281407 0.00000134 0.14460555
0.56783920 0.00000079 0.18244289
0.57286432 0.00000047 0.22613638
0.57788945 0.00000027 0.27543488
0.58291457 0.00000015 0.32976597
0.58793970 0.00000009 0.38823530
0.59296482 0.00000005 0.44965850
0.59798995 0.00000003 0.51262554
0.60301508 1.00000002 0.57559293
0.60804020 1.00000001 0.63699416
0.61306533 1.00000000 0.69535586
0.61809045 1.00000000 0.74940518
0.62311558 1.00000000 0.79815558
0.62814070 1.00000000 0.84096079
0.63316583 1.00000000 0.87753217
0.63819095 1.00000000 0.90791982
0.64321608 1.00000000 0.93246335
0.64824121 1.00000000 0.95172173
0.65326633 1.00000000 0.96639349
0.65829146 1.00000000 0.97723840
0.66331658 1.00000000 0.98500944
0.66834171 1.00000000 0.99040069
0.67336683 1.00000000 0.99401346
0.67839196 1.00000000 0.99633957
0.68341709 1.00000000 0.99775852
0.68844221 1.00000000 0.99854423
0.69346734 1.00000000 0.99887666
0.69849246 1.00000000 0.99885439
0.70351759 1.00000000 0.99850512
0.70854271 1.00000000 0.99779229
0.71356784 1.00000000 0.99661723
0.71859296 1.00000000 0.99481710
0.72361809 1.00000000 0.99215975
0.72864322 1.00000000 0.98833733
0.73366834 1.00000000 0.98296100
0.73869347 1.00000000 0.97555953
0.74371859 1.00000000 0.96558464
0.74874372 1.00000000 0.95242600
0.75376884 1.00000000 0.93543803
0.75879397 1.00000000 0.91397950
0.76381910 1.00000000 0.88746528
0.76884422 1.00000000 0.85542726
0.77386935 1.00000000 0.81757924
0.77889447 1.00000000 0.77387844
0.78391960 1.00000000 0.72457497
0.78894472 1.00000000 0.67024053
0.79396985 1.00000000 0.61176895
0.79899497 1.00000000 0.55034426
0.80402010 1.00000000 0.48737623
0.80904523 0.00000000 0.42440821
0.81407035 0.00000000 0.36300655
0.81909548 0.00000000 0.30464458
0.82412060 0.00000000 0.25059507
0.82914573 0.00000000 0.20184454
0.83417085 0.00000000 0.15903919
0.83919598 0.00000000 0.12246763
0.84422111 0.00000000 0.09207966
0.84924623 0.00000000 0.06753554
0.85427136 0.00000000 0.04827603
0.85929648 0.00000000 0.03360213
0.86432161 0.00000000 0.02275317
0.86934673 0.00000000 0.01497467
0.87437186 0.00000000 0.00956990
0.87939698 0.00000000 0.00593304
0.88442211 0.00000000 0.00356485
0.88944724 0.00000000 0.00207377
0.89447236 0.00000000 0.00116675
0.89949749 0.00000000 0.00063419
0.90452261 0.00000000 0.00033265
0.90954774 0.00000000 0.00016817
0.91457286 0.00000000 0.00008184
0.91959799 0.00000000 0.00003829
0.92462312 0.00000000 0.00001720
0.92964824 0.00000000 0.00000740
0.93467337 0.00000000 0.00000305
0.93969849 0.00000000 0.00000121
0.94472362 0.00000000 0.00000047
0.94974874 0.00000000 0.00000019
0.95477387 0.00000000 0.00000010
0.95979899 0.00000000 0.00000009
0.96482412 0.00000000 0.00000012
0.96984925 0.00000000 0.00000019
0.97487437 0.00000000 0.00000030
0.97989950 0.00000000 0.00000047
0.98492462 0.00000000 0.00000072
0.98994975 0.00000000 0.00000112
0.99497487 0.00000000 0.00000171
1.00000000 0.00000000 0.00000260
