    x (m)  Saturacao
         0          1
39.37007874 0.9664491203
78.74015748 0.9489182091
118.1102362 0.9344437522
157.480315 0.9218615598
196.8503937 0.9106638211
236.2204724 0.9005539251
275.5905512 0.8913333678
314.9606299 0.8828587095
354.3307087 0.8750211318
393.7007874 0.8677352617
433.0708661 0.8609324453
472.4409449 0.8545564112
511.8110236 0.8485603272
551.1811024 0.8429047228
590.5511811 0.8375559762
629.9212598 0.8324851848
669.2913386 0.8276673036
708.6614173 0.8230804773
748.0314961 0.8187055131
787.4015748 0.8145254612
826.7716535 0.8105252756
866.1417323 0.8066915371
905.511811 0.8030122265
944.8818898 0.7994765352
984.2519685 0.7960747077
1023.622047 0.7927979089
1062.992126 0.7896381114
1102.362205 0.7865879999
1141.732283 0.7836408894
1181.102362 0.7807906541
1220.472441 0.7780316668
1259.84252 0.7753587459
1299.212598 0.772767109
1338.582677 0.7702523327
1377.952756 0.7678103167
1417.322835 0.7654372529
1456.692913 0.7631295972
1496.062992 0.7608840453
1535.433071 0.7586975107
1574.80315 0.7565671047
1614.173228 0.7544901195
1653.543307 0.7524640118
1692.913386 0.7504863891
1732.283465 0.7485549963
1771.653543 0.7466677045
1811.023622 0.7448225002
1850.393701 0.7430174756
1889.76378 0.7412508195
1929.133858 0.7395208095
1968.503937 0.737825804
2007.874016 0.7361642358
2047.244094 0.7345346046
2086.614173 0.732935472
2125.984252 0.7313654547
2165.354331 0.7298232197
2204.724409 0.7283074785
2244.094488 0.7268169825
2283.464567 0.7253505177
2322.834646 0.7239069001
2362.204724 0.7224849707
2401.574803 0.7210835907
2440.944882 0.7197016367
2480.314961 0.7183379956
2519.685039 0.7169915594
2559.055118 0.7156612197
2598.425197 0.7143458617
2637.795276 0.7130443581
2677.165354 0.7117555623
2716.535433 0.7104783003
2755.905512 0.7092113632
2795.275591 0.7079534967
2834.645669 0.7067033914
2874.015748 0.7054596696
2913.385827 0.7042208718
2952.755906 0.7029854402
2992.125984 0.7017516987
3031.496063 0.700517831
3070.866142 0.6992818536
3110.23622 0.6980415802
3149.606299 0.6967945894
3188.976378 0.6955381695
3228.346457 0.6942692555
3267.716535 0.6929843851
3307.086614 0.6916795593
3346.456693 0.6903501464
3385.826772 0.6889908346
3425.19685 0.6875951789
3464.566929 0.6861556253
3503.937008 0.6846633934
3543.307087 0.6831067793
3582.677165 0.6814726563
3622.047244 0.6797449769
3661.417323 0.6778985325
3700.787402 0.6759106113
3740.15748 0.6737451311
3779.527559 0.6713349764
3818.897638 0.6686519387
3858.267717 0.6655696397
3897.637795 0.6618726319
3937.007874 0.6576212321
3976.377953 0.6520313137
4015.748031 0.6442996026
4055.11811 0.6352535494
4094.488189 0.6155015926
4133.858268 0.5661924814
4173.228346 0.4854512876
4212.598425 0.3884348801
4251.968504 0.2981421701
4291.338583 0.2389058229
4330.708661 0.2125711033
4370.07874 0.2036871443
4409.448819 0.2010458765
4448.818898 0.2002937099
4488.188976 0.200082246
4527.559055 0.2000230124
4566.929134 0.2000064374
4606.299213 0.2000018007
4645.669291 0.2000005037
4685.03937 0.2000001409
4724.409449 0.2000000394
4763.779528 0.200000011
4803.149606 0.2000000031
4842.519685 0.2000000009
4881.889764 0.2000000002
4921.259843 0.2000000001
4960.629921        0.2
      5000        0.2
