    x (m)  Saturacao
         0          1
39.37007874 0.9304825315
78.74015748 0.8993324613
118.1102362 0.8758305508
157.480315 0.8567616289
196.8503937 0.8407032051
236.2204724 0.8268498543
275.5905512 0.8146870906
314.9606299 0.8038620932
354.3307087 0.7941207258
393.7007874 0.7852728574
433.0708661 0.7771722682
472.4409449 0.7697037113
511.8110236 0.7627743518
551.1811024 0.756308241
590.5511811 0.7502419339
629.9212598 0.7445215853
669.2913386 0.7391009474
708.6614173 0.7339390345
748.0314961 0.7289993646
787.4015748 0.7242485799
826.7716535 0.7196545137
866.1417323 0.7151873445
905.511811 0.7108157959
944.8818898 0.7065070227
984.2519685 0.7022293286
1023.622047 0.6979378922
1062.992126 0.6935904041
1102.362205 0.6891330942
1141.732283 0.6844673251
1181.102362 0.6795392681
1220.472441 0.6741519514
1259.84252 0.6680656122
1299.212598 0.6611753595
1338.582677 0.6522208333
1377.952756 0.6409230801
1417.322835 0.624518382
1456.692913 0.586145368
1496.062992 0.5134110524
1535.433071 0.4170938951
1574.80315 0.3200853643
1614.173228 0.2501771942
1653.543307 0.2165620171
1692.913386 0.2048362484
1732.283465 0.2013513324
1771.653543 0.2003726221
1811.023622 0.2001023659
1850.393701 0.2000280927
1889.76378 0.2000077074
1929.133858 0.2000021144
1968.503937 0.20000058
2007.874016 0.2000001591
2047.244094 0.2000000436
2086.614173 0.200000012
2125.984252 0.2000000033
2165.354331 0.2000000009
2204.724409 0.2000000002
2244.094488 0.2000000001
2283.464567        0.2
2322.834646        0.2
2362.204724        0.2
2401.574803        0.2
2440.944882        0.2
2480.314961        0.2
2519.685039        0.2
2559.055118        0.2
2598.425197        0.2
2637.795276        0.2
2677.165354        0.2
2716.535433        0.2
2755.905512        0.2
2795.275591        0.2
2834.645669        0.2
2874.015748        0.2
2913.385827        0.2
2952.755906        0.2
2992.125984        0.2
3031.496063        0.2
3070.866142        0.2
3110.23622        0.2
3149.606299        0.2
3188.976378        0.2
3228.346457        0.2
3267.716535        0.2
3307.086614        0.2
3346.456693        0.2
3385.826772        0.2
3425.19685        0.2
3464.566929        0.2
3503.937008        0.2
3543.307087        0.2
3582.677165        0.2
3622.047244        0.2
3661.417323        0.2
3700.787402        0.2
3740.15748        0.2
3779.527559        0.2
3818.897638        0.2
3858.267717        0.2
3897.637795        0.2
3937.007874        0.2
3976.377953        0.2
4015.748031        0.2
4055.11811        0.2
4094.488189        0.2
4133.858268        0.2
4173.228346        0.2
4212.598425        0.2
4251.968504        0.2
4291.338583        0.2
4330.708661        0.2
4370.07874        0.2
4409.448819        0.2
4448.818898        0.2
4488.188976        0.2
4527.559055        0.2
4566.929134        0.2
4606.299213        0.2
4645.669291        0.2
4685.03937        0.2
4724.409449        0.2
4763.779528        0.2
4803.149606        0.2
4842.519685        0.2
4881.889764        0.2
4921.259843        0.2
4960.629921        0.2
      5000        0.2
