    x (m)  Saturacao
         0          1
19.60784314 0.9771751298
39.21568627 0.9646240004
58.82352941 0.9539033895
78.43137255 0.9443167908
98.03921569 0.9355742274
117.6470588 0.9275099187
137.254902 0.9200133534
156.8627451 0.9130041313
176.4705882 0.9064204662
196.0784314 0.9002130936
215.6862745 0.8943416888
235.2941176 0.8887725913
254.9019608 0.8834772721
274.5098039 0.8784312549
294.1176471 0.8736133284
313.7254902 0.8690049544
333.3333333 0.8645898132
352.9411765 0.8603534468
372.5490196 0.8562829757
392.1568627 0.8523668687
411.7647059 0.8485947563
431.372549 0.8449572755
450.9803922 0.8414459408
470.5882353 0.8380530363
490.1960784 0.8347715234
509.8039216 0.8315949631
529.4117647 0.828517449
549.0196078 0.8255335494
568.627451 0.8226382575
588.2352941 0.8198269482
607.8431373 0.8170953394
627.4509804 0.8144394594
647.0588235 0.8118556174
666.6666667 0.8093403772
686.2745098 0.8068905348
705.8823529 0.8045030976
725.4901961 0.8021752661
745.0980392 0.799904418
764.7058824 0.7976880933
784.3137255 0.7955239812
803.9215686 0.7934099084
823.5294118 0.7913438282
843.1372549 0.7893238112
862.745098 0.787348036
882.3529412 0.7854147819
901.9607843 0.7835224209
921.5686275 0.7816694116
941.1764706 0.7798542934
960.7843137 0.77807568
980.3921569 0.7763322554
      1000 0.7746227686
1019.607843 0.7729460295
1039.215686 0.7713009051
1058.823529 0.7696863157
1078.431373 0.7681012314
1098.039216 0.7665446695
1117.647059 0.7650156909
1137.254902 0.7635133984
1156.862745 0.7620369331
1176.470588 0.760585473
1196.078431 0.7591582305
1215.686275 0.7577544503
1235.294118 0.7563734078
1254.901961 0.7550144073
1274.509804 0.75367678
1294.117647 0.7523598832
1313.72549 0.7510630979
1333.333333 0.7497858286
1352.941176 0.7485275011
1372.54902 0.7472875615
1392.156863 0.7460654756
1411.764706 0.7448607272
1431.372549 0.7436728175
1450.980392 0.7425012637
1470.588235 0.7413455987
1490.196078 0.7402053699
1509.803922 0.7390801383
1529.411765 0.7379694777
1549.019608 0.7368729744
1568.627451 0.7357902258
1588.235294 0.7347208403
1607.843137 0.7336644362
1627.45098 0.7326206414
1647.058824 0.7315890923
1666.666667 0.7305694338
1686.27451 0.7295613182
1705.882353 0.7285644047
1725.490196 0.727578359
1745.098039 0.7266028526
1764.705882 0.7256375621
1784.313725 0.7246821689
1803.921569 0.7237363584
1823.529412 0.7227998193
1843.137255 0.7218722434
1862.745098 0.7209533245
1882.352941 0.7200427581
1901.960784 0.7191402408
1921.568627 0.7182454692
1941.176471 0.7173581395
1960.784314 0.7164779467
1980.392157 0.7156045839
      2000 0.7147377411
2019.607843 0.7138771048
2039.215686 0.7130223564
2058.823529 0.7121731717
2078.431373 0.7113292194
2098.039216 0.7104901602
2117.647059 0.7096556449
2137.254902 0.7088253135
2156.862745 0.7079987928
2176.470588 0.7071756955
2196.078431 0.7063556173
2215.686275 0.7055381349
2235.294118 0.7047228036
2254.901961 0.7039091541
2274.509804 0.7030966896
2294.117647 0.7022848817
2313.72549 0.7014731662
2333.333333 0.7006609387
2352.941176 0.6998475486
2372.54902 0.6990322928
2392.156863 0.6982144087
2411.764706 0.697393065
2431.372549 0.6965673524
2450.980392 0.6957362715
2470.588235 0.6948987193
2490.196078 0.6940534728
2509.803922 0.69319917
2529.411765 0.6923342864
2549.019608 0.691457108
2568.627451 0.6905656974
2588.235294 0.6896578537
2607.843137 0.6887310616
2627.45098 0.6877824319
2647.058824 0.686808625
2666.666667 0.6858057487
2686.27451 0.6847692571
2705.882353 0.6836937616
2725.490196 0.6825728619
2745.098039 0.6813989132
2764.705882 0.6801625005
2784.313725 0.6788523826
2803.921569 0.6774543126
2823.529412 0.6759503074
2843.137255 0.6743188796
2862.745098 0.6725284061
2882.352941 0.6705430593
2901.960784 0.6683111172
2921.568627 0.6657486449
2941.176471 0.662785723
2960.784314 0.6592129728
2980.392157 0.654828906
      3000 0.6493555657
3019.607843 0.6415057974
3039.215686 0.6311394731
3058.823529 0.6127350315
3078.431373 0.5677213295
3098.039216 0.4886484148
3117.647059 0.3903074321
3137.254902 0.2982138065
3156.862745 0.2382944235
3176.470588 0.2121300931
3196.078431 0.203488833
3215.686275 0.2009712453
3235.294118 0.2002678057
3254.901961 0.2000736456
3274.509804 0.2000202373
3294.117647 0.2000055599
3313.72549 0.2000015274
3333.333333 0.2000004196
3352.941176 0.2000001153
3372.54902 0.2000000317
3392.156863 0.2000000087
3411.764706 0.2000000024
3431.372549 0.2000000007
3450.980392 0.2000000002
3470.588235        0.2
3490.196078        0.2
3509.803922        0.2
3529.411765        0.2
3549.019608        0.2
3568.627451        0.2
3588.235294        0.2
3607.843137        0.2
3627.45098        0.2
3647.058824        0.2
3666.666667        0.2
3686.27451        0.2
3705.882353        0.2
3725.490196        0.2
3745.098039        0.2
3764.705882        0.2
3784.313725        0.2
3803.921569        0.2
3823.529412        0.2
3843.137255        0.2
3862.745098        0.2
3882.352941        0.2
3901.960784        0.2
3921.568627        0.2
3941.176471        0.2
3960.784314        0.2
3980.392157        0.2
      4000        0.2
4019.607843        0.2
4039.215686        0.2
4058.823529        0.2
4078.431373        0.2
4098.039216        0.2
4117.647059        0.2
4137.254902        0.2
4156.862745        0.2
4176.470588        0.2
4196.078431        0.2
4215.686275        0.2
4235.294118        0.2
4254.901961        0.2
4274.509804        0.2
4294.117647        0.2
4313.72549        0.2
4333.333333        0.2
4352.941176        0.2
4372.54902        0.2
4392.156863        0.2
4411.764706        0.2
4431.372549        0.2
4450.980392        0.2
4470.588235        0.2
4490.196078        0.2
4509.803922        0.2
4529.411765        0.2
4549.019608        0.2
4568.627451        0.2
4588.235294        0.2
4607.843137        0.2
4627.45098        0.2
4647.058824        0.2
4666.666667        0.2
4686.27451        0.2
4705.882353        0.2
4725.490196        0.2
4745.098039        0.2
4764.705882        0.2
4784.313725        0.2
4803.921569        0.2
4823.529412        0.2
4843.137255        0.2
4862.745098        0.2
4882.352941        0.2
4901.960784        0.2
4921.568627        0.2
4941.176471        0.2
4960.784314        0.2
4980.392157        0.2
      5000        0.2
