    x (m)  Saturacao
         0          1
39.37007874 0.9593557906
78.74015748 0.9387503444
118.1102362 0.922054959
157.480315 0.9077587309
196.8503937 0.8951932901
236.2204724 0.8839679886
275.5905512 0.873823042
314.9606299 0.8645725193
354.3307087 0.8560768896
393.7007874 0.8482278941
433.0708661 0.840939416
472.4409449  0.8341416
511.8110236 0.8277768751
551.1811024 0.8217971634
590.5511811 0.8161618597
629.9212598 0.8108363346
669.2913386 0.8057908008
708.6614173 0.8009994406
748.0314961 0.7964397236
787.4015748 0.7920918663
826.7716535 0.7879383987
866.1417323 0.7839638136
905.511811 0.7801542798
944.8818898 0.7764974051
984.2519685 0.7729820402
1023.622047 0.7695981133
1062.992126 0.766336492
1102.362205 0.7631888647
1141.732283 0.7601476405
1181.102362 0.7572058623
1220.472441 0.7543571324
1259.84252 0.7515955471
1299.212598 0.7489156403
1338.582677 0.746312333
1377.952756 0.7437808894
1417.322835 0.7413168768
1456.692913 0.7389161304
1496.062992 0.7365747205
1535.433071 0.7342889234
1574.80315 0.7320551933
1614.173228 0.7298701368
1653.543307 0.7277304878
1692.913386 0.7256330842
1732.283465 0.7235748436
1771.653543 0.7215527398
1811.023622 0.7195637784
1850.393701 0.7176049711
1889.76378 0.715673308
1929.133858 0.7137657277
1968.503937 0.7118790836
2007.874016 0.7100101049
2047.244094 0.7081553548
2086.614173 0.706311174
2125.984252 0.7044736216
2165.354331 0.702638404
2204.724409 0.7008007627
2244.094488 0.698955395
2283.464567 0.6970962716
2322.834646 0.6952164417
2362.204724 0.6933079243
2401.574803 0.6913610781
2440.944882 0.6893646035
2480.314961 0.6873048231
2519.685039 0.6851639923
2559.055118 0.6829220913
2598.425197 0.6805502831
2637.795276 0.6780126953
2677.165354 0.6752681754
2716.535433 0.672235573
2755.905512 0.6688487006
2795.275591 0.6649629073
2834.645669 0.6603145973
2874.015748 0.6548039136
2913.385827 0.647392329
2952.755906 0.6374215806
2992.125984 0.6230875153
3031.496063 0.589170046
3070.866142 0.520921955
3110.23622 0.4267181432
3149.606299 0.3287943976
3188.976378 0.2553850789
3228.346457 0.2186410057
3267.716535 0.205490966
3307.086614 0.2015395473
3346.456693 0.2004252295
3385.826772 0.2001169528
3425.19685 0.2000321282
3464.566929 0.2000088231
3503.937008 0.2000024228
3543.307087 0.2000006653
3582.677165 0.2000001827
3622.047244 0.2000000502
3661.417323 0.2000000138
3700.787402 0.2000000038
3740.15748 0.200000001
3779.527559 0.2000000003
3818.897638 0.2000000001
3858.267717        0.2
3897.637795        0.2
3937.007874        0.2
3976.377953        0.2
4015.748031        0.2
4055.11811        0.2
4094.488189        0.2
4133.858268        0.2
4173.228346        0.2
4212.598425        0.2
4251.968504        0.2
4291.338583        0.2
4330.708661        0.2
4370.07874        0.2
4409.448819        0.2
4448.818898        0.2
4488.188976        0.2
4527.559055        0.2
4566.929134        0.2
4606.299213        0.2
4645.669291        0.2
4685.03937        0.2
4724.409449        0.2
4763.779528        0.2
4803.149606        0.2
4842.519685        0.2
4881.889764        0.2
4921.259843        0.2
4960.629921        0.2
      5000        0.2
