    x (m)  Saturacao
         0          1
39.37007874 0.9480638544
78.74015748 0.9229973865
118.1102362 0.9032805777
157.480315 0.8867827054
196.8503937 0.872552527
236.2204724 0.8600383925
275.5905512 0.8488788254
314.9606299 0.8388194971
354.3307087 0.8296728346
393.7007874 0.8212957154
433.0708661 0.8135760584
472.4409449 0.8064242531
511.8110236 0.7997674188
551.1811024 0.7935454194
590.5511811 0.7877080125
629.9212598 0.7822127591
669.2913386 0.7770234596
708.6614173 0.7721089618
748.0314961 0.7674422367
787.4015748 0.7629996542
826.7716535 0.7587604043
866.1417323 0.7547060321
905.511811 0.7508200584
944.8818898 0.7470876643
984.2519685 0.7434954304
1023.622047 0.7400311138
1062.992126 0.7366834552
1102.362205 0.7334420147
1141.732283 0.7302970169
1181.102362 0.7272392173
1220.472441 0.7242597751
1259.84252 0.7213501139
1299.212598 0.7185018203
1338.582677 0.7157064831
1377.952756 0.7129555519
1417.322835 0.7102402307
1456.692913 0.7075511449
1496.062992 0.7048782945
1535.433071 0.7022106834
1574.80315 0.6995356578
1614.173228 0.6968393568
1653.543307 0.6941045281
1692.913386 0.6913108316
1732.283465 0.6884350415
1771.653543 0.6854417995
1811.023622 0.6822958949
1850.393701 0.6789419797
1889.76378 0.6752929075
1929.133858 0.6712872185
1968.503937 0.6666968942
2007.874016 0.6613400757
2047.244094 0.6549472161
2086.614173 0.6461789209
2125.984252 0.6350431159
2165.354331 0.6160897675
2204.724409 0.5706810295
2244.094488 0.4913855159
2283.464567 0.3928094901
2322.834646 0.3000579482
2362.204724 0.2392135296
2401.574803 0.2124520686
2440.944882 0.2035828627
2480.314961 0.2009969786
2519.685039 0.2002747085
2559.055118 0.2000754853
2598.425197 0.2000207263
2637.795276 0.2000056897
2677.165354 0.2000015618
2716.535433 0.2000004287
2755.905512 0.2000001177
2795.275591 0.2000000323
2834.645669 0.2000000089
2874.015748 0.2000000024
2913.385827 0.2000000007
2952.755906 0.2000000002
2992.125984 0.2000000001
3031.496063        0.2
3070.866142        0.2
3110.23622        0.2
3149.606299        0.2
3188.976378        0.2
3228.346457        0.2
3267.716535        0.2
3307.086614        0.2
3346.456693        0.2
3385.826772        0.2
3425.19685        0.2
3464.566929        0.2
3503.937008        0.2
3543.307087        0.2
3582.677165        0.2
3622.047244        0.2
3661.417323        0.2
3700.787402        0.2
3740.15748        0.2
3779.527559        0.2
3818.897638        0.2
3858.267717        0.2
3897.637795        0.2
3937.007874        0.2
3976.377953        0.2
4015.748031        0.2
4055.11811        0.2
4094.488189        0.2
4133.858268        0.2
4173.228346        0.2
4212.598425        0.2
4251.968504        0.2
4291.338583        0.2
4330.708661        0.2
4370.07874        0.2
4409.448819        0.2
4448.818898        0.2
4488.188976        0.2
4527.559055        0.2
4566.929134        0.2
4606.299213        0.2
4645.669291        0.2
4685.03937        0.2
4724.409449        0.2
4763.779528        0.2
4803.149606        0.2
4842.519685        0.2
4881.889764        0.2
4921.259843        0.2
4960.629921        0.2
      5000        0.2
