    x (m)  Saturacao
         0          1
79.36507937 0.9304831152
158.7301587 0.8993332814
238.0952381 0.8758315483
317.4603175 0.8567627735
396.8253968 0.8407044775
476.1904762 0.8268512418
555.5555556 0.8146885846
634.9206349 0.8038636875
714.2857143 0.7941224161
793.6507937 0.7852746412
873.015873 0.7771741439
952.3809524 0.7697056786
1031.746032 0.7627764113
1111.111111 0.7563103942
1190.47619 0.7502441835
1269.84127 0.744523935
1349.206349 0.7391034019
1428.571429 0.7339416004
1507.936508 0.7290020495
1587.301587 0.7242513942
1666.666667 0.7196574701
1746.031746 0.715190458
1825.396825 0.7108190884
1904.761905 0.7065105178
1984.126984 0.7022330593
2063.492063 0.6979419074
2142.857143 0.6935947473
2222.222222 0.6891378626
2301.587302 0.6844726231
2380.952381 0.6795452014
2460.31746 0.6741589147
2539.68254 0.6680737129
2619.047619 0.6611853426
2698.412698 0.6522345577
2777.777778 0.6409400248
2857.142857 0.6245507058
2936.507937 0.5862189725
3015.873016 0.5135265205
3095.238095 0.41722792
3174.603175 0.3202019986
3253.968254 0.2502449048
3333.333333 0.2165884847
3412.698413 0.2048444915
3492.063492 0.2013536881
3571.428571 0.2003732778
3650.793651 0.2001025471
3730.15873 0.2000281426
3809.52381 0.2000077211
3888.888889 0.2000021182
3968.253968 0.2000005811
4047.619048 0.2000001594
4126.984127 0.2000000437
4206.349206 0.200000012
4285.714286 0.2000000033
4365.079365 0.2000000009
4444.444444 0.2000000002
4523.809524 0.2000000001
4603.174603        0.2
4682.539683        0.2
4761.904762        0.2
4841.269841        0.2
4920.634921        0.2
      5000        0.2
