Pos Exato Numerico
0 2.57221e-56 1.523e-08
0.004 9.19834e-56 1.523e-08
0.008 3.26847e-55 1.523e-08
0.012 1.15401e-54 1.523e-08
0.016 4.04863e-54 1.523e-08
0.02 1.41136e-53 1.523e-08
0.024 4.88877e-53 1.523e-08
0.028 1.68264e-52 1.523e-08
0.032 5.75462e-52 1.523e-08
0.036 1.95557e-51 1.523e-08
0.04 6.60328e-51 1.523e-08
0.044 2.21554e-50 1.523e-08
0.048 7.38635e-50 1.523e-08
0.052 2.44688e-49 1.523e-08
0.056 8.05427e-49 1.523e-08
0.06 2.63434e-48 1.523e-08
0.064 8.56148e-48 1.523e-08
0.068 2.76476e-47 1.523e-08
0.072 8.87152e-47 1.523e-08
0.076 2.82859e-46 1.523e-08
0.08 8.96135e-46 1.523e-08
0.084 2.82104e-45 1.523e-08
0.088 8.8242e-45 1.523e-08
0.092 2.74267e-44 1.523e-08
0.096 8.4704e-44 1.523e-08
0.1 2.59935e-43 1.523e-08
0.104 7.92608e-43 1.523e-08
0.108 2.4015e-42 1.523e-08
0.112 7.23002e-42 1.523e-08
0.116 2.16286e-41 1.523e-08
0.12 6.42906e-41 1.523e-08
0.124 1.89888e-40 1.523e-08
0.128 5.5729e-40 1.523e-08
0.132 1.62516e-39 1.523e-08
0.136 4.70914e-39 1.523e-08
0.14 1.35587e-38 1.523e-08
0.144 3.87907e-38 1.523e-08
0.148 1.10273e-37 1.523e-08
0.152 3.11488e-37 1.523e-08
0.156 8.74269e-37 1.523e-08
0.16 2.43826e-36 1.523e-08
0.164 6.75691e-36 1.523e-08
0.168 1.86057e-35 1.523e-08
0.172 5.09069e-35 1.523e-08
0.176 1.38401e-34 1.523e-08
0.18 3.7388e-34 1.523e-08
0.184 1.00359e-33 1.523e-08
0.188 2.67679e-33 1.523e-08
0.192 7.09419e-33 1.523e-08
0.196 1.8682e-32 1.523e-08
0.2 4.88849e-32 1.523e-08
0.204 1.27104e-31 1.523e-08
0.208 3.28377e-31 1.523e-08
0.212 8.42983e-31 1.523e-08
0.216 2.15029e-30 1.523e-08
0.22 5.45012e-30 1.523e-08
0.224 1.37261e-29 1.523e-08
0.228 3.43495e-29 1.523e-08
0.232 8.54131e-29 1.523e-08
0.236 2.11038e-28 1.523e-08
0.24 5.18117e-28 1.523e-08
0.244 1.26394e-27 1.523e-08
0.248 3.06378e-27 1.523e-08
0.252 7.37939e-27 1.523e-08
0.256 1.7661e-26 1.523e-08
0.26 4.19991e-26 1.523e-08
0.264 9.92423e-26 1.523e-08
0.268 2.33016e-25 1.523e-08
0.272 5.43633e-25 1.523e-08
0.276 1.26025e-24 1.523e-08
0.28 2.90296e-24 1.523e-08
0.284 6.64442e-24 1.523e-08
0.288 1.51114e-23 1.523e-08
0.292 3.41493e-23 1.523e-08
0.296 7.66817e-23 1.523e-08
0.3 1.71093e-22 1.523e-08
0.304 3.79321e-22 1.523e-08
0.308 8.35625e-22 1.523e-08
0.312 1.82914e-21 1.523e-08
0.316 3.97847e-21 1.523e-08
0.32 8.59835e-21 1.523e-08
0.324 1.84649e-20 1.523e-08
0.328 3.94012e-20 1.523e-08
0.332 8.35417e-20 1.523e-08
0.336 1.76007e-19 1.523e-08
0.34 3.68457e-19 1.523e-08
0.344 7.66437e-19 1.523e-08
0.348 1.58415e-18 1.523e-08
0.352 3.25349e-18 1.523e-08
0.356 6.63947e-18 1.523e-08
0.36 1.34632e-17 1.523e-08
0.364 2.71266e-17 1.523e-08
0.368 5.43094e-17 1.523e-08
0.372 1.0804e-16 1.523e-08
0.376 2.13564e-16 1.523e-08
0.38 4.1947e-16 1.523e-08
0.384 8.18664e-16 1.523e-08
0.388 1.58761e-15 1.523e-08
0.392 3.05922e-15 1.523e-08
0.396 5.85748e-15 1.523e-08
0.4 1.1144e-14 1.523e-08
0.404 2.10671e-14 1.52301e-08
0.408 3.95731e-14 1.52303e-08
0.412 7.3863e-14 1.52307e-08
0.416 1.36989e-13 1.52317e-08
0.42 2.52449e-13 1.52336e-08
0.424 4.6227e-13 1.52377e-08
0.428 8.41101e-13 1.5246e-08
0.432 1.52066e-12 1.52623e-08
0.436 2.7318e-12 1.5294e-08
0.44 4.87636e-12 1.53539e-08
0.444 8.64919e-12 1.54647e-08
0.448 1.52435e-11 1.56653e-08
0.452 2.66949e-11 1.60208e-08
0.456 4.64518e-11 1.66383e-08
0.46 8.03171e-11 1.76902e-08
0.464 1.37989e-10 1.94495e-08
0.468 2.35567e-10 2.23414e-08
0.472 3.9959e-10 2.70186e-08
0.476 6.73513e-10 3.44704e-08
0.48 1.128e-09 4.61806e-08
0.484 1.87718e-09 6.43527e-08
0.488 3.10407e-09 9.22339e-08
0.492 5.10023e-09 1.34575e-07
0.496 8.32683e-09 1.98284e-07
0.5 1.35083e-08 2.93345e-07
0.504 2.17748e-08 4.34112e-07
0.508 3.4877e-08 6.411e-07
0.512 5.5508e-08 9.43476e-07
0.516 8.77817e-08 1.38246e-06
0.52 1.37938e-07 2.01598e-06
0.524 2.15375e-07 2.92494e-06
0.528 3.34147e-07 4.22169e-06
0.532 5.15124e-07 6.06123e-06
0.536 7.89074e-07 8.65616e-06
0.54 1.20103e-06 1.22962e-05
0.544 1.81645e-06 1.73739e-05
0.548 2.72976e-06 2.44173e-05
0.552 4.07622e-06 3.41327e-05
0.556 6.04813e-06 4.74589e-05
0.56 8.91696e-06 6.5635e-05
0.564 1.3063e-05 9.02869e-05
0.568 1.90153e-05 0.000123533
0.572 2.75038e-05 0.000168116
0.576 3.95289e-05 0.000227565
0.58 5.64506e-05 0.000306385
0.584 8.01039e-05 0.000410293
0.588 0.000112946 0.000546495
0.592 0.000158241 0.000724007
0.596 0.000220292 0.000954028
0.6 0.000304727 0.00125038
0.604 0.000418845 0.00162998
0.608 0.000572043 0.00211341
0.612 0.000776309 0.00272549
0.616 0.00104682 0.00349593
0.62 0.00140263 0.00446002
0.624 0.00186743 0.00565936
0.628 0.00247045 0.00714255
0.632 0.00324744 0.00896586
0.636 0.00424167 0.011194
0.64 0.00550509 0.0139004
0.644 0.00709943 0.0171681
0.648 0.00909733 0.0210895
0.652 0.0115834 0.0257667
0.656 0.0146552 0.0313112
0.66 0.0184237 0.0378431
0.664 0.0230141 0.0454904
0.668 0.0285655 0.0543873
0.672 0.0352308 0.0646724
0.676 0.0431752 0.0764861
0.68 0.0525748 0.0899679
0.684 0.063614 0.105253
0.688 0.0764821 0.122467
0.692 0.0913688 0.141724
0.696 0.10846 0.163118
0.7 0.127929 0.186724
0.704 0.149935 0.212585
0.708 0.174609 0.240713
0.712 0.202052 0.271081
0.716 0.232323 0.303621
0.72 0.265431 0.338216
0.724 0.30133 0.374703
0.728 0.339911 0.412866
0.732 0.380995 0.452438
0.736 0.424332 0.493101
0.74 0.469595 0.534489
0.744 0.516383 0.576191
0.748 0.564226 0.617756
0.752 0.612584 0.658705
0.756 0.66086 0.698531
0.76 0.70841 0.736718
0.764 0.754557 0.772746
0.768 0.798603 0.806102
0.772 0.839849 0.836297
0.776 0.877613 0.862874
0.78 0.911248 0.88542
0.784 0.94016 0.903577
0.788 0.963826 0.917052
0.792 0.981809 0.925624
0.796 0.993772 0.929151
0.8 0.99949 0.927571
0.804 0.998853 0.92091
0.808 0.991874 0.909274
0.812 0.978685 0.89285
0.816 0.959535 0.871903
0.82 0.934782 0.846762
0.824 0.904881 0.817821
0.828 0.870371 0.78552
0.832 0.831857 0.750339
0.836 0.789995 0.712783
0.84 0.745473 0.673374
0.844 0.698991 0.632635
0.848 0.651241 0.59108
0.852 0.602899 0.549206
0.856 0.554598 0.50748
0.86 0.506925 0.466332
0.864 0.460406 0.426152
0.868 0.415499 0.38728
0.872 0.372589 0.350006
0.876 0.331988 0.314568
0.88 0.293931 0.281153
0.884 0.258584 0.249895
0.888 0.226041 0.22088
0.892 0.196339 0.194152
0.896 0.169456 0.169711
0.9 0.145324 0.147523
0.904 0.123837 0.127524
0.908 0.104857 0.109624
0.912 0.088221 0.0937123
0.916 0.073753 0.0796648
0.92 0.061266 0.0673462
0.924 0.0505697 0.0566155
0.928 0.0414757 0.0473296
0.932 0.0338008 0.0393462
0.936 0.0273712 0.0325272
0.94 0.0220237 0.02674
0.944 0.0176084 0.0218598
0.948 0.0139888 0.0177706
0.952 0.0110427 0.0143656
0.956 0.00866158 0.0115482
0.96 0.00675076 0.00923144
0.964 0.00522805 0.00733821
0.968 0.00402308 0.00580062
0.972 0.00307616 0.00455955
0.976 0.00233717 0.00356395
0.98 0.00176443 0.00277015
0.984 0.00132358 0.00214112
0.988 0.000986567 0.00164573
0.992 0.000730693 0.00125805
0.996 0.000537743 0.000956763
1 0.00039323 0.000724599
1.004 0.000285726 0.00054805
1.008 0.000206293 0.000417321
1.012 0.000147996 0.000326785
1.016 0.000105499 0.000276249
1.02 7.47271e-05 0.000273502
1.024 5.25944e-05 0.000338857
1.028 3.67817e-05 0.000512639
1.032 2.55597e-05 0.000866752
1.036 1.76487e-05 0.00152147
1.04 1.21088e-05 0.00266831
1.044 8.25504e-06 0.00459888
1.048 5.59204e-06 0.00773793
1.052 3.76402e-06 0.0126765
1.056 2.51748e-06 0.0201974
1.06 1.67306e-06 0.0312836
1.064 1.10481e-06 0.0470951
1.068 7.24933e-07 0.0689053
1.072 4.72648e-07 0.0979863
1.076 3.06203e-07 0.135447
1.08 1.97112e-07 0.182037
1.084 1.26081e-07 0.237946
1.088 8.01338e-08 0.302633
1.092 5.06074e-08 0.374744
1.096 3.17573e-08 0.452132
1.1 1.98018e-08 0.532015
1.104 1 0.61126
1.108 1 0.686731
1.112 1 0.755665
1.116 1 0.815983
1.12 1 0.866481
1.124 1 0.90688
1.128 1 0.937718
1.132 1 0.960147
1.136 1 0.975661
1.14 1 0.985849
1.144 1 0.992189
1.148 1 0.995918
1.152 1 0.997986
1.156 1 0.999066
1.16 1 0.999594
1.164 1 0.999835
1.168 1 0.999938
1.172 1 0.999978
1.176 1 0.999993
1.18 1 0.999998
1.184 1 0.999999
1.188 1 1
1.192 1 1
1.196 1 0.999999
1.2 1 0.999998
1.204 1 0.999995
1.208 1 0.999988
1.212 1 0.999975
1.216 1 0.999946
1.22 1 0.99989
1.224 1 0.999781
1.228 1 0.999574
1.232 1 0.999196
1.236 1 0.998524
1.24 1 0.997364
1.244 1 0.995424
1.248 1 0.992278
1.252 1 0.987335
1.256 1 0.97981
1.26 1 0.968722
1.264 1 0.952909
1.268 1 0.931097
1.272 1 0.902015
1.276 1 0.864554
1.28 1 0.817963
1.284 1 0.762055
1.288 1 0.697367
1.292 1 0.625256
1.296 1 0.547869
1.3 1 0.467985
1.304 1.45796e-22 0.38874
1.308 6.52606e-23 0.313269
1.312 2.9026e-23 0.244335
1.316 1.28279e-23 0.184017
1.32 5.6332e-24 0.133519
1.324 2.45803e-24 0.0931203
1.328 1.06573e-24 0.0622816
1.332 4.59138e-25 0.0398535
1.336 1.96548e-25 0.0243393
1.34 8.3604e-26 0.0141509
1.344 3.53359e-26 0.00781139
1.348 1.48401e-26 0.00408229
1.352 6.19283e-27 0.00201359
1.356 2.56787e-27 0.000934275
1.36 1.05801e-27 0.000406262
1.364 4.33148e-28 0.000164885
1.368 1.76204e-28 6.2171e-05
1.372 7.12238e-29 2.16642e-05
1.376 2.86067e-29 6.9344e-06
1.38 1.14167e-29 2.02449e-06
1.384 4.52737e-30 5.34581e-07
1.388 1.78395e-30 1.26387e-07
1.392 6.98475e-31 2.64217e-08
1.396 2.71738e-31 4.80749e-09
1.4 1.05047e-31 7.45763e-10
1.404 4.03502e-32 9.58856e-11
1.408 1.54007e-32 9.80919e-12
1.412 5.84072e-33 7.4851e-13
1.416 2.20102e-33 3.78691e-14
1.42 8.24165e-34 9.52682e-16
1.424 3.06645e-34 7.56677e-31
1.428 1.13367e-34 3.08673e-31
1.432 4.16459e-35 1.25178e-31
1.436 1.52016e-35 5.04664e-32
1.44 5.51361e-36 2.02263e-32
1.444 1.98708e-36 8.0588e-33
1.448 7.11584e-37 3.19201e-33
1.452 2.53203e-37 1.25688e-33
1.456 8.95246e-38 4.91999e-34
1.46 3.1452e-38 1.91457e-34
1.464 1.09796e-38 7.40647e-35
1.468 3.8085e-39 2.84831e-35
1.472 1.31267e-39 1.08892e-35
1.476 4.49558e-40 4.13846e-36
1.48 1.52985e-40 1.56355e-36
1.484 5.17303e-41 5.87243e-37
1.488 1.73809e-41 2.19257e-37
1.492 5.8027e-42 8.138e-38
1.496 1.92495e-42 3.00269e-38
1.5 6.34514e-43 1.10136e-38
1.504 2.07823e-43 4.01584e-39
1.508 6.76362e-44 1.45562e-39
1.512 2.18724e-44 5.245e-40
1.516 7.02819e-45 1.87874e-40
1.52 2.244e-45 6.68975e-41
1.524 7.11925e-46 2.36796e-41
1.528 2.24428e-46 8.33224e-42
1.532 7.02994e-47 2.91453e-42
1.536 2.18805e-47 1.01343e-42
1.54 6.76698e-48 3.503e-43
1.544 2.07952e-48 1.20366e-43
1.548 6.34987e-49 4.11133e-44
1.552 1.92663e-49 1.39597e-44
1.556 5.80846e-50 4.71181e-45
1.56 1.74003e-50 1.58093e-45
1.564 5.17945e-51 5.2729e-46
1.568 1.53194e-51 1.74824e-46
1.572 4.50229e-52 5.76185e-47
1.576 1.31479e-52 1.88771e-47
1.58 3.81512e-53 6.14776e-48
1.584 1.1e-53 1.99026e-48
1.588 3.15145e-54 6.40485e-49
1.592 8.97137e-55 2.04888e-49
1.596 2.53769e-55 6.51524e-50
1.6 7.13264e-56 2.05944e-50
1.604 1.99202e-56 6.47104e-51
1.608 5.528e-57 2.02117e-51
1.612 1.52431e-57 6.27531e-52
1.616 4.1765e-58 1.93673e-52
1.62 1.13706e-58 5.94162e-53
1.624 3.07598e-59 1.81193e-53
1.628 8.2683e-60 5.49261e-54
1.632 2.20841e-60 1.65506e-54
1.636 5.86106e-61 4.95734e-55
1.64 1.54562e-61 1.47598e-55
1.644 4.05007e-62 4.36826e-56
1.648 1.05452e-62 1.28509e-56
1.652 2.7282e-63 3.75796e-57
1.656 7.01342e-64 1.09236e-57
1.66 1.7915e-64 3.15627e-58
1.664 4.54708e-65 9.06513e-59
1.668 1.14678e-65 2.58801e-59
1.672 2.87384e-66 7.34429e-60
1.676 7.15606e-67 2.07168e-60
1.68 1.77059e-67 5.8088e-61
1.684 4.35304e-68 1.61897e-61
1.688 1.06341e-68 4.48517e-62
1.692 2.5813e-69 1.23511e-62
1.696 6.22598e-70 3.38081e-63
1.7 1.49214e-70 9.19857e-64
1.704 3.55339e-71 2.48774e-64
1.708 8.40828e-72 6.68766e-65
1.712 1.97699e-72 1.78701e-65
1.716 4.61882e-73 4.74637e-66
1.72 1.07224e-73 1.25308e-66
1.724 2.47333e-74 3.28835e-67
1.728 5.66898e-75 8.57741e-68
1.732 1.2911e-75 2.2239e-68
1.736 2.92176e-76 5.73129e-69
1.74 6.56996e-77 1.46814e-69
1.744 1.46795e-77 3.73819e-70
1.748 3.25906e-78 9.46088e-71
1.752 7.18961e-79 2.38e-71
1.756 1.57597e-79 5.95113e-72
1.76 3.43261e-80 1.47909e-72
1.764 7.42902e-81 3.65397e-73
1.768 1.59761e-81 8.97239e-74
1.772 3.41382e-82 2.1899e-74
1.776 7.24841e-83 5.31264e-75
1.78 1.52924e-83 1.28106e-75
1.784 3.20584e-84 3.07041e-76
1.788 6.67788e-85 7.31468e-77
1.792 1.38219e-85 1.73206e-77
1.796 2.84267e-86 4.07659e-78
1.8 5.80923e-87 9.53673e-79
1.804 1.17962e-87 2.21753e-79
1.808 2.3801e-88 5.12512e-80
1.812 4.7718e-89 1.17735e-80
1.816 9.50606e-90 2.68825e-81
1.82 1.8817e-90 6.10098e-82
1.824 3.7011e-91 1.37624e-82
1.828 7.23342e-92 3.08566e-83
1.832 1.40472e-92 6.87647e-84
1.836 2.71059e-93 1.52316e-84
1.84 5.19723e-94 3.35339e-85
1.844 9.90173e-95 7.33809e-86
1.848 1.87448e-95 1.59603e-86
1.852 3.52601e-96 3.45032e-87
1.856 6.59049e-97 7.41369e-88
1.86 1.22401e-97 1.58332e-88
1.864 2.25882e-98 3.36091e-89
1.868 4.14199e-99 7.09091e-90
1.872 7.54692e-100 1.48697e-90
1.876 1.36635e-100 3.09926e-91
1.88 2.45802e-101 6.42048e-92
1.884 4.3938e-102 1.322e-92
1.888 7.80418e-103 2.70549e-93
1.892 1.37735e-103 5.50318e-94
1.896 2.41544e-104 1.11259e-94
1.9 4.20898e-105 2.23565e-95
1.904 7.2877e-106 4.46503e-96
1.908 1.25382e-106 8.86328e-97
1.912 2.14344e-107 1.74869e-97
1.916 3.64099e-108 3.42911e-98
1.92 6.14552e-109 6.68338e-99
1.924 1.03069e-109 1.29467e-99
1.928 1.71764e-110 2.49269e-100
1.932 2.84425e-111 4.77005e-101
1.936 4.67986e-112 9.07242e-102
1.94 7.65122e-113 1.71502e-102
1.944 1.24297e-113 3.22223e-103
1.948 2.00641e-114 6.01714e-104
1.952 3.2182e-115 1.11677e-104
1.956 5.12905e-116 2.06008e-105
1.96 8.12255e-117 3.77696e-106
1.964 1.27814e-117 6.88246e-107
1.968 1.99847e-118 1.24648e-107
1.972 3.10491e-119 2.24371e-108
1.976 4.79326e-120 4.01409e-109
1.98 7.35266e-121 7.1375e-110
1.984 1.1207e-121 1.26137e-110
1.988 1.69733e-122 2.21554e-111
1.992 2.55432e-123 3.86769e-112
1.996 3.81957e-124 6.71059e-113
2 5.67526e-125 1.15719e-113
