     x (m)Pressao (kPa)
         0    30000.6
   102.041    44999.2
   204.082      45000
   306.122      45000
   408.163      45000
   510.204      45000
   612.245      45000
   714.286      45000
   816.327      45000
   918.367      45000
   1020.41      45000
   1122.45      45000
   1224.49      45000
   1326.53      45000
   1428.57      45000
   1530.61      45000
   1632.65      45000
   1734.69      45000
   1836.73      45000
   1938.78      45000
   2040.82      45000
   2142.86      45000
    2244.9      45000
   2346.94      45000
   2448.98      45000
   2551.02      45000
   2653.06      45000
    2755.1      45000
   2857.14      45000
   2959.18      45000
   3061.22      45000
   3163.27      45000
   3265.31      45000
   3367.35      45000
   3469.39      45000
   3571.43      45000
   3673.47      45000
   3775.51      45000
   3877.55      45000
   3979.59      45000
   4081.63      45000
   4183.67      45000
   4285.71      45000
   4387.76      45000
    4489.8      45000
   4591.84      45000
   4693.88      45000
   4795.92      45000
   4897.96      45000
      5000      45000
