    x (m) Pressao (kPa)
         0 29829.28162
161.2903226 33742.39292
322.5806452 36877.57572
483.8709677 39308.32179
645.1612903 41130.15301
806.4516129 42449.06975
967.7419355 43370.79788
1129.032258 43992.35285
1290.322581 44396.6818
1451.612903 44650.38228
1612.903226 44803.9321
1774.193548 44893.58829
1935.483871 44944.10313
2096.774194 44971.57622
2258.064516 44986.00464
2419.354839 44993.32529
2580.645161 44996.9155
2741.935484 44998.61829
2903.225806 44999.39976
3064.516129 44999.74701
3225.806452 44999.8965
3387.096774 44999.95888
3548.387097 44999.98412
3709.677419 44999.99404
3870.967742 44999.99782
4032.258065 44999.99923
4193.548387 44999.99973
4354.83871 44999.99991
4516.129032 44999.99997
4677.419355 44999.99999
4838.709677      45000
      5000      45000
