    x (m) Pressao (kPa)
         0 34827.59929
161.2903226 38426.33855
322.5806452 40984.31767
483.8709677 42685.94361
645.1612903 43743.67712
806.4516129 44357.73833
967.7419355 44690.79323
1129.032258 44859.72683
1290.322581 44939.97672
1451.612903 44975.74294
1612.903226 44990.72812
1774.193548 44996.64262
1935.483871 44998.84639
2096.774194 44999.62324
2258.064516 44999.88284
2419.354839 44999.96526
2580.645161 44999.99016
2741.935484 44999.99733
2903.225806 44999.99931
3064.516129 44999.99983
3225.806452 44999.99996
3387.096774 44999.99999
3548.387097      45000
3709.677419      45000
3870.967742      45000
4032.258065      45000
4193.548387      45000
4354.83871      45000
4516.129032      45000
4677.419355      45000
4838.709677      45000
      5000      45000
