    x (m) Pressao (kPa)
         0 39241.97083
161.2903226 42225.69244
322.5806452 43826.84771
483.8709677 44563.29684
645.1612903 44856.00947
806.4516129 44957.62832
967.7419355 44988.78459
1129.032258 44997.30948
1290.322581 44999.4109
1451.612903 44999.88152
1612.903226 44999.97798
1774.193548 44999.9962
1935.483871 44999.99939
2096.774194 44999.99991
2258.064516 44999.99999
2419.354839      45000
2580.645161      45000
2741.935484      45000
2903.225806      45000
3064.516129      45000
3225.806452      45000
3387.096774      45000
3548.387097      45000
3709.677419      45000
3870.967742      45000
4032.258065      45000
4193.548387      45000
4354.83871      45000
4516.129032      45000
4677.419355      45000
4838.709677      45000
      5000      45000
