    x (m) Pressao (kPa)
         0 42582.88223
161.2903226 44413.34298
322.5806452 44891.45068
483.8709677 44983.9489
645.1612903 44998.03395
806.4516129 44999.79504
967.7419355 44999.98143
1129.032258 44999.99851
1290.322581 44999.99989
1451.612903 44999.99999
1612.903226      45000
1774.193548      45000
1935.483871      45000
2096.774194      45000
2258.064516      45000
2419.354839      45000
2580.645161      45000
2741.935484      45000
2903.225806      45000
3064.516129      45000
3225.806452      45000
3387.096774      45000
3548.387097      45000
3709.677419      45000
3870.967742      45000
4032.258065      45000
4193.548387      45000
4354.83871      45000
4516.129032      45000
4677.419355      45000
4838.709677      45000
      5000      45000
