    x (m) Pressao (kPa)
         0 36092.77007
161.2903226 39562.97005
322.5806452 41904.8467
483.8709677 43360.25291
645.1612903 44192.22797
806.4516129 44629.88715
967.7419355 44842.09632
1129.032258 44937.16505
1290.322581 44976.62939
1451.612903 44991.85656
1612.903226 44997.33515
1774.193548 44999.17901
1935.483871 44999.7613
2096.774194 44999.93435
2258.064516 44999.98288
2419.354839 44999.99576
2580.645161  44999.999
2741.935484 44999.99977
2903.225806 44999.99995
3064.516129 44999.99999
3225.806452      45000
3387.096774      45000
3548.387097      45000
3709.677419      45000
3870.967742      45000
4032.258065      45000
4193.548387      45000
4354.83871      45000
4516.129032      45000
4677.419355      45000
4838.709677      45000
      5000      45000
