    x (m) Pressao (kPa)
         0 26160.6106
161.2903226 32296.19449
322.5806452 36828.06867
483.8709677 39994.33323
645.1612903 42083.96677
806.4516129 43385.7305
967.7419355 44151.08286
1129.032258 44575.8876
1290.322581 44798.63463
1451.612903 44909.08147
1612.903226 44960.92957
1774.193548 44984.00433
1935.483871 44993.75413
2096.774194 44997.67123
2258.064516 44999.1699
2419.354839 44999.71677
2580.645161 44999.90738
2741.935484 44999.97094
2903.225806 44999.99124
3064.516129 44999.99746
3225.806452 44999.99929
3387.096774 44999.99981
3548.387097 44999.99995
3709.677419 44999.99999
3870.967742      45000
4032.258065      45000
4193.548387      45000
4354.83871      45000
4516.129032      45000
4677.419355      45000
4838.709677      45000
      5000      45000
