    x (m) Pressao (kPa)
         0 36615.15778
79.36507937 38611.88004
158.7301587 40245.31451
238.0952381 41545.85732
317.4603175 42552.77153
396.8253968 43310.26707
476.1904762 43863.65158
555.5555556 44256.05435
634.9206349 44526.04472
714.2857143 44706.25424
793.6507937 44822.92625
873.015873 44896.19197
952.3809524 44940.8193
1031.746032 44967.1898
1111.111111 44982.30907
1190.47619 44990.72185
1269.84127 44995.26612
1349.206349 44997.64977
1428.571429 44998.86433
1507.936508 44999.46574
1587.301587 44999.75523
1666.666667 44999.89076
1746.031746 44999.95249
1825.396825 44999.97986
1904.761905 44999.99167
1984.126984 44999.99664
2063.492063 44999.99868
2142.857143 44999.99949
2222.222222 44999.99981
2301.587302 44999.99993
2380.952381 44999.99997
2460.31746 44999.99999
2539.68254      45000
2619.047619      45000
2698.412698      45000
2777.777778      45000
2857.142857      45000
2936.507937      45000
3015.873016      45000
3095.238095      45000
3174.603175      45000
3253.968254      45000
3333.333333      45000
3412.698413      45000
3492.063492      45000
3571.428571      45000
3650.793651      45000
3730.15873      45000
3809.52381      45000
3888.888889      45000
3968.253968      45000
4047.619048      45000
4126.984127      45000
4206.349206      45000
4285.714286      45000
4365.079365      45000
4444.444444      45000
4523.809524      45000
4603.174603      45000
4682.539683      45000
4761.904762      45000
4841.269841      45000
4920.634921      45000
      5000      45000
