    x (m) Pressao (kPa)
         0 29855.35701
161.2903226 33771.29943
322.5806452 36906.40102
483.8709677 39334.78273
645.1612903 41152.81586
806.4516129 42467.33496
967.7419355 43384.73237
1129.032258 44002.45857
1290.322581 44403.6715
1451.612903 44655.00466
1612.903226 44806.86084
1774.193548 44895.36919
1935.483871 44945.14393
2096.774194 44972.16155
2258.064516 44986.32176
2419.354839 44993.49097
2580.645161 44996.99904
2741.935484 44998.65898
2903.225806 44999.41893
3064.516129 44999.75574
3225.806452 44999.90035
3387.096774 44999.96052
3548.387097 44999.9848
3709.677419 44999.99432
3870.967742 44999.99793
4032.258065 44999.99927
4193.548387 44999.99975
4354.83871 44999.99992
4516.129032 44999.99997
4677.419355 44999.99999
4838.709677      45000
      5000      45000
