    x (m) Pressao (kPa)
         0 33649.44416
161.2903226 37335.06612
322.5806452 40059.25697
483.8709677 41965.64283
645.1612903 43226.74472
806.4516129 44014.6878
967.7419355 44479.5874
1129.032258 44738.69775
1290.322581 44875.21684
1451.612903 44943.28495
1612.903226 44975.44328
1774.193548 44989.86002
1935.483871 44996.00233
2096.774194 44998.49333
2258.064516 44999.45647
2419.354839 44999.81208
2580.645161 44999.93765
2741.935484 44999.98012
2903.225806 44999.9939
3064.516129 44999.9982
3225.806452 44999.99949
3387.096774 44999.99986
3548.387097 44999.99996
3709.677419 44999.99999
3870.967742      45000
4032.258065      45000
4193.548387      45000
4354.83871      45000
4516.129032      45000
4677.419355      45000
4838.709677      45000
      5000      45000
