    x (m) Pressao (kPa)
         0 33685.78164
161.2903226 37365.60548
322.5806452 40081.86442
483.8709677 41979.98744
645.1612903 43234.07576
806.4516129 44017.10073
967.7419355 44479.22152
1129.032258 44737.2055
1290.322581 44873.59839
1451.612903 44941.98732
1612.903226 44974.56307
1774.193548 44989.32995
1935.483871 44995.71208
2096.774194 44998.34675
2258.064516 44999.38754
2419.354839 44999.78168
2580.645161 44999.92501
2741.935484 44999.97515
2903.225806 44999.99204
3064.516129 44999.99753
3225.806452 44999.99926
3387.096774 44999.99978
3548.387097 44999.99994
3709.677419 44999.99998
3870.967742      45000
4032.258065      45000
4193.548387      45000
4354.83871      45000
4516.129032      45000
4677.419355      45000
4838.709677      45000
      5000      45000
