    x (m) Pressao (kPa)
         0 33798.6839
39.37007874 34907.9461
78.74015748 35939.27316
118.1102362 36894.21841
157.480315 37774.7798
196.8503937 38583.35301
236.2204724 39322.68225
275.5905512 39995.8082
314.9606299 40606.01424
354.3307087 41156.77233
393.7007874 41651.68959
433.0708661 42094.45669
472.4409449 42488.79899
511.8110236 42838.43119
551.1811024 43147.01619
590.5511811 43418.12851
629.9212598 43655.22274
669.2913386 43861.60703
708.6614173 44040.4218
748.0314961 44194.62337
787.4015748 44326.97243
826.7716535 44440.02698
866.1417323 44536.13937
905.511811 44617.45689
944.8818898 44685.9256
984.2519685 44743.29678
1023.622047 44791.13553
1062.992126 44830.83103
1102.362205 44863.60809
1141.732283 44890.53944
1181.102362 44912.55846
1220.472441 44930.47206
1259.84252 44944.97333
1299.212598 44956.65382
1338.582677 44966.01527
1377.952756 44973.48056
1417.322835 44979.40388
1456.692913 44984.08012
1496.062992 44987.75324
1535.433071 44990.62387
1574.80315  44992.856
1614.173228 44994.58288
1653.543307 44995.91209
1692.913386 44996.93003
1732.283465 44997.70563
1771.653543 44998.29359
1811.023622 44998.73703
1850.393701 44999.06977
1889.76378 44999.31819
1929.133858 44999.5027
1968.503937 44999.63904
2007.874016 44999.73929
2047.244094 44999.81261
2086.614173 44999.86597
2125.984252 44999.90461
2165.354331 44999.93244
2204.724409 44999.95238
2244.094488 44999.9666
2283.464567 44999.97669
2322.834646 44999.98381
2362.204724 44999.98881
2401.574803 44999.99231
2440.944882 44999.99474
2480.314961 44999.99642
2519.685039 44999.99757
2559.055118 44999.99836
2598.425197 44999.9989
2637.795276 44999.99927
2677.165354 44999.99951
2716.535433 44999.99968
2755.905512 44999.99979
2795.275591 44999.99986
2834.645669 44999.99991
2874.015748 44999.99994
2913.385827 44999.99996
2952.755906 44999.99998
2992.125984 44999.99998
3031.496063 44999.99999
3070.866142 44999.99999
3110.23622      45000
3149.606299      45000
3188.976378      45000
3228.346457      45000
3267.716535      45000
3307.086614      45000
3346.456693      45000
3385.826772      45000
3425.19685      45000
3464.566929      45000
3503.937008      45000
3543.307087      45000
3582.677165      45000
3622.047244      45000
3661.417323      45000
3700.787402      45000
3740.15748      45000
3779.527559      45000
3818.897638      45000
3858.267717      45000
3897.637795      45000
3937.007874      45000
3976.377953      45000
4015.748031      45000
4055.11811      45000
4094.488189      45000
4133.858268      45000
4173.228346      45000
4212.598425      45000
4251.968504      45000
4291.338583      45000
4330.708661      45000
4370.07874      45000
4409.448819      45000
4448.818898      45000
4488.188976      45000
4527.559055      45000
4566.929134      45000
4606.299213      45000
4645.669291      45000
4685.03937      45000
4724.409449      45000
4763.779528      45000
4803.149606      45000
4842.519685      45000
4881.889764      45000
4921.259843      45000
4960.629921      45000
      5000      45000
